valid:{
	1:{[30,25,26,2,7,6]},
	2:{[1,26,3,9,8,7]},
	3:{[26,27,28,4,9,2]},
	4:{[3,28,5,11,10,9]},
	5:{[28,29,30,6,11,4]},
	6:{[5,30,1,7,12,11]},
	7:{[6,1,2,8,13,12]},
	8:{[7,2,9,15,14,13]},
	9:{[2,3,4,10,15,8]},
	10:{[9,4,11,17,16,15]},
	11:{[4,5,6,12,17,10]},
	12:{[11,6,7,13,18,17]},
	13:{[12,7,8,14,19,18]},
	14:{[13,8,15,21,20,19]},
	15:{[8,9,10,16,21,14]},
	16:{[15,10,17,23,22,21]},
	17:{[10,11,12,18,23,16]},
	18:{[17,12,13,19,24,23]},
	19:{[18,13,14,20,25,24]},
	20:{[19,14,21,27,26,25]},
	21:{[14,15,16,22,27,20]},
	22:{[21,16,23,29,28,27]},
	23:{[16,17,18,24,29,22]},
	24:{[23,18,19,25,30,29]},
	25:{[24,19,20,26,1,30]},
	26:{[25,20,27,3,2,1]},
	27:{[20,21,22,28,3,26]},
	28:{[27,22,29,5,4,3]},
	29:{[22,23,24,30,5,28]},
	30:{[29,24,25,1,6,5]}
},
map1:{
	1:{[30,-1,26,-1,7,-1]},
	2:{[-1,-1,-1,9,-1,7]},
	3:{[26,27,-1,4,-1,-1]},
	4:{[3,28,-1,-1,10,-1]},
	5:{[-1,-1,30,6,11,-1]},
	6:{[5,-1,-1,-1,-1,-1]},
	7:{[-1,1,2,-1,-1,12]},
	8:{[-1,-1,9,15,-1,13]},
	9:{[2,-1,-1,-1,-1,8]},
	10:{[-1,4,-1,17,16,-1]},
	11:{[-1,5,-1,12,17,-1]},
	12:{[11,-1,7,-1,18,-1]},
	13:{[-1,-1,8,14,-1,-1]},
	14:{[13,-1,15,-1,-1,19]},
	15:{[8,-1,-1,-1,21,14]},
	16:{[-1,10,-1,-1,22,-1]},
	17:{[10,11,-1,-1,23,-1]},
	18:{[-1,12,-1,-1,-1,23]},
	19:{[-1,-1,14,20,25,-1]},
	20:{[19,-1,21,-1,-1,25]},
	21:{[-1,15,-1,22,-1,20]},
	22:{[21,16,-1,-1,-1,27]},
	23:{[-1,17,18,24,-1,-1]},
	24:{[23,-1,-1,25,-1,29]},
	25:{[24,19,20,-1,-1,-1]},
	26:{[-1,-1,-1,3,-1,1]},
	27:{[-1,-1,22,28,3,-1]},
	28:{[27,-1,29,-1,4,-1]},
	29:{[-1,-1,24,30,-1,28]},
	30:{[29,-1,-1,1,-1,5]}
}